U_velocity_field[[0.0276887  0.07949327 0.12772503 0.17238398 0.21347016 0.25098356
  0.28492421 0.31529212 0.34208731 0.36530977 0.38495954 0.4010366
  0.41354098 0.42247267 0.42783169 0.42961803 0.42783169 0.42247267
  0.41354098 0.4010366  0.38495954 0.36530977 0.34208731 0.31529212
  0.28492421 0.25098356 0.21347016 0.17238398 0.12772503 0.07949327
  0.0276887 ]
 [0.0276887  0.07949327 0.12772503 0.17238398 0.21347016 0.25098356
  0.28492421 0.31529212 0.34208731 0.36530977 0.38495954 0.4010366
  0.41354098 0.42247267 0.42783169 0.42961803 0.42783169 0.42247267
  0.41354098 0.4010366  0.38495954 0.36530977 0.34208731 0.31529212
  0.28492421 0.25098356 0.21347016 0.17238398 0.12772503 0.07949327
  0.0276887 ]
 [0.0276887  0.07949327 0.12772503 0.17238398 0.21347016 0.25098356
  0.28492421 0.31529212 0.34208731 0.36530977 0.38495954 0.4010366
  0.41354098 0.42247267 0.42783169 0.42961803 0.42783169 0.42247267
  0.41354098 0.4010366  0.38495954 0.36530977 0.34208731 0.31529212
  0.28492421 0.25098356 0.21347016 0.17238398 0.12772503 0.07949327
  0.0276887 ]
 [0.0276887  0.07949327 0.12772503 0.17238398 0.21347016 0.25098356
  0.28492421 0.31529212 0.34208731 0.36530977 0.38495954 0.4010366
  0.41354098 0.42247267 0.42783169 0.42961803 0.42783169 0.42247267
  0.41354098 0.4010366  0.38495954 0.36530977 0.34208731 0.31529212
  0.28492421 0.25098356 0.21347016 0.17238398 0.12772503 0.07949327
  0.0276887 ]
 [0.0276887  0.07949327 0.12772503 0.17238398 0.21347016 0.25098356
  0.28492421 0.31529212 0.34208731 0.36530977 0.38495954 0.4010366
  0.41354098 0.42247267 0.42783169 0.42961803 0.42783169 0.42247267
  0.41354098 0.4010366  0.38495954 0.36530977 0.34208731 0.31529212
  0.28492421 0.25098356 0.21347016 0.17238398 0.12772503 0.07949327
  0.0276887 ]
 [0.0276887  0.07949327 0.12772503 0.17238398 0.21347016 0.25098356
  0.28492421 0.31529212 0.34208731 0.36530977 0.38495954 0.4010366
  0.41354098 0.42247267 0.42783169 0.42961803 0.42783169 0.42247267
  0.41354098 0.4010366  0.38495954 0.36530977 0.34208731 0.31529212
  0.28492421 0.25098356 0.21347016 0.17238398 0.12772503 0.07949327
  0.0276887 ]
 [0.0276887  0.07949327 0.12772503 0.17238398 0.21347016 0.25098356
  0.28492421 0.31529212 0.34208731 0.36530977 0.38495954 0.4010366
  0.41354098 0.42247267 0.42783169 0.42961803 0.42783169 0.42247267
  0.41354098 0.4010366  0.38495954 0.36530977 0.34208731 0.31529212
  0.28492421 0.25098356 0.21347016 0.17238398 0.12772503 0.07949327
  0.0276887 ]
 [0.0276887  0.07949327 0.12772503 0.17238398 0.21347016 0.25098356
  0.28492421 0.31529212 0.34208731 0.36530977 0.38495954 0.4010366
  0.41354098 0.42247267 0.42783169 0.42961803 0.42783169 0.42247267
  0.41354098 0.4010366  0.38495954 0.36530977 0.34208731 0.31529212
  0.28492421 0.25098356 0.21347016 0.17238398 0.12772503 0.07949327
  0.0276887 ]
 [0.0276887  0.07949327 0.12772503 0.17238398 0.21347016 0.25098356
  0.28492421 0.31529212 0.34208731 0.36530977 0.38495954 0.4010366
  0.41354098 0.42247267 0.42783169 0.42961803 0.42783169 0.42247267
  0.41354098 0.4010366  0.38495954 0.36530977 0.34208731 0.31529212
  0.28492421 0.25098356 0.21347016 0.17238398 0.12772503 0.07949327
  0.0276887 ]
 [0.0276887  0.07949327 0.12772503 0.17238398 0.21347016 0.25098356
  0.28492421 0.31529212 0.34208731 0.36530977 0.38495954 0.4010366
  0.41354098 0.42247267 0.42783169 0.42961803 0.42783169 0.42247267
  0.41354098 0.4010366  0.38495954 0.36530977 0.34208731 0.31529212
  0.28492421 0.25098356 0.21347016 0.17238398 0.12772503 0.07949327
  0.0276887 ]
 [0.0276887  0.07949327 0.12772503 0.17238398 0.21347016 0.25098356
  0.28492421 0.31529212 0.34208731 0.36530977 0.38495954 0.4010366
  0.41354098 0.42247267 0.42783169 0.42961803 0.42783169 0.42247267
  0.41354098 0.4010366  0.38495954 0.36530977 0.34208731 0.31529212
  0.28492421 0.25098356 0.21347016 0.17238398 0.12772503 0.07949327
  0.0276887 ]
 [0.0276887  0.07949327 0.12772503 0.17238398 0.21347016 0.25098356
  0.28492421 0.31529212 0.34208731 0.36530977 0.38495954 0.4010366
  0.41354098 0.42247267 0.42783169 0.42961803 0.42783169 0.42247267
  0.41354098 0.4010366  0.38495954 0.36530977 0.34208731 0.31529212
  0.28492421 0.25098356 0.21347016 0.17238398 0.12772503 0.07949327
  0.0276887 ]
 [0.0276887  0.07949327 0.12772503 0.17238398 0.21347016 0.25098356
  0.28492421 0.31529212 0.34208731 0.36530977 0.38495954 0.4010366
  0.41354098 0.42247267 0.42783169 0.42961803 0.42783169 0.42247267
  0.41354098 0.4010366  0.38495954 0.36530977 0.34208731 0.31529212
  0.28492421 0.25098356 0.21347016 0.17238398 0.12772503 0.07949327
  0.0276887 ]
 [0.0276887  0.07949327 0.12772503 0.17238398 0.21347016 0.25098356
  0.28492421 0.31529212 0.34208731 0.36530977 0.38495954 0.4010366
  0.41354098 0.42247267 0.42783169 0.42961803 0.42783169 0.42247267
  0.41354098 0.4010366  0.38495954 0.36530977 0.34208731 0.31529212
  0.28492421 0.25098356 0.21347016 0.17238398 0.12772503 0.07949327
  0.0276887 ]
 [0.0276887  0.07949327 0.12772503 0.17238398 0.21347016 0.25098356
  0.28492421 0.31529212 0.34208731 0.36530977 0.38495954 0.4010366
  0.41354098 0.42247267 0.42783169 0.42961803 0.42783169 0.42247267
  0.41354098 0.4010366  0.38495954 0.36530977 0.34208731 0.31529212
  0.28492421 0.25098356 0.21347016 0.17238398 0.12772503 0.07949327
  0.0276887 ]
 [0.0276887  0.07949327 0.12772503 0.17238398 0.21347016 0.25098356
  0.28492421 0.31529212 0.34208731 0.36530977 0.38495954 0.4010366
  0.41354098 0.42247267 0.42783169 0.42961803 0.42783169 0.42247267
  0.41354098 0.4010366  0.38495954 0.36530977 0.34208731 0.31529212
  0.28492421 0.25098356 0.21347016 0.17238398 0.12772503 0.07949327
  0.0276887 ]
 [0.0276887  0.07949327 0.12772503 0.17238398 0.21347016 0.25098356
  0.28492421 0.31529212 0.34208731 0.36530977 0.38495954 0.4010366
  0.41354098 0.42247267 0.42783169 0.42961803 0.42783169 0.42247267
  0.41354098 0.4010366  0.38495954 0.36530977 0.34208731 0.31529212
  0.28492421 0.25098356 0.21347016 0.17238398 0.12772503 0.07949327
  0.0276887 ]
 [0.0276887  0.07949327 0.12772503 0.17238398 0.21347016 0.25098356
  0.28492421 0.31529212 0.34208731 0.36530977 0.38495954 0.4010366
  0.41354098 0.42247267 0.42783169 0.42961803 0.42783169 0.42247267
  0.41354098 0.4010366  0.38495954 0.36530977 0.34208731 0.31529212
  0.28492421 0.25098356 0.21347016 0.17238398 0.12772503 0.07949327
  0.0276887 ]
 [0.0276887  0.07949327 0.12772503 0.17238398 0.21347016 0.25098356
  0.28492421 0.31529212 0.34208731 0.36530977 0.38495954 0.4010366
  0.41354098 0.42247267 0.42783169 0.42961803 0.42783169 0.42247267
  0.41354098 0.4010366  0.38495954 0.36530977 0.34208731 0.31529212
  0.28492421 0.25098356 0.21347016 0.17238398 0.12772503 0.07949327
  0.0276887 ]
 [0.0276887  0.07949327 0.12772503 0.17238398 0.21347016 0.25098356
  0.28492421 0.31529212 0.34208731 0.36530977 0.38495954 0.4010366
  0.41354098 0.42247267 0.42783169 0.42961803 0.42783169 0.42247267
  0.41354098 0.4010366  0.38495954 0.36530977 0.34208731 0.31529212
  0.28492421 0.25098356 0.21347016 0.17238398 0.12772503 0.07949327
  0.0276887 ]
 [0.0276887  0.07949327 0.12772503 0.17238398 0.21347016 0.25098356
  0.28492421 0.31529212 0.34208731 0.36530977 0.38495954 0.4010366
  0.41354098 0.42247267 0.42783169 0.42961803 0.42783169 0.42247267
  0.41354098 0.4010366  0.38495954 0.36530977 0.34208731 0.31529212
  0.28492421 0.25098356 0.21347016 0.17238398 0.12772503 0.07949327
  0.0276887 ]
 [0.0276887  0.07949327 0.12772503 0.17238398 0.21347016 0.25098356
  0.28492421 0.31529212 0.34208731 0.36530977 0.38495954 0.4010366
  0.41354098 0.42247267 0.42783169 0.42961803 0.42783169 0.42247267
  0.41354098 0.4010366  0.38495954 0.36530977 0.34208731 0.31529212
  0.28492421 0.25098356 0.21347016 0.17238398 0.12772503 0.07949327
  0.0276887 ]
 [0.0276887  0.07949327 0.12772503 0.17238398 0.21347016 0.25098356
  0.28492421 0.31529212 0.34208731 0.36530977 0.38495954 0.4010366
  0.41354098 0.42247267 0.42783169 0.42961803 0.42783169 0.42247267
  0.41354098 0.4010366  0.38495954 0.36530977 0.34208731 0.31529212
  0.28492421 0.25098356 0.21347016 0.17238398 0.12772503 0.07949327
  0.0276887 ]
 [0.0276887  0.07949327 0.12772503 0.17238398 0.21347016 0.25098356
  0.28492421 0.31529212 0.34208731 0.36530977 0.38495954 0.4010366
  0.41354098 0.42247267 0.42783169 0.42961803 0.42783169 0.42247267
  0.41354098 0.4010366  0.38495954 0.36530977 0.34208731 0.31529212
  0.28492421 0.25098356 0.21347016 0.17238398 0.12772503 0.07949327
  0.0276887 ]
 [0.0276887  0.07949327 0.12772503 0.17238398 0.21347016 0.25098356
  0.28492421 0.31529212 0.34208731 0.36530977 0.38495954 0.4010366
  0.41354098 0.42247267 0.42783169 0.42961803 0.42783169 0.42247267
  0.41354098 0.4010366  0.38495954 0.36530977 0.34208731 0.31529212
  0.28492421 0.25098356 0.21347016 0.17238398 0.12772503 0.07949327
  0.0276887 ]
 [0.0276887  0.07949327 0.12772503 0.17238398 0.21347016 0.25098356
  0.28492421 0.31529212 0.34208731 0.36530977 0.38495954 0.4010366
  0.41354098 0.42247267 0.42783169 0.42961803 0.42783169 0.42247267
  0.41354098 0.4010366  0.38495954 0.36530977 0.34208731 0.31529212
  0.28492421 0.25098356 0.21347016 0.17238398 0.12772503 0.07949327
  0.0276887 ]
 [0.0276887  0.07949327 0.12772503 0.17238398 0.21347016 0.25098356
  0.28492421 0.31529212 0.34208731 0.36530977 0.38495954 0.4010366
  0.41354098 0.42247267 0.42783169 0.42961803 0.42783169 0.42247267
  0.41354098 0.4010366  0.38495954 0.36530977 0.34208731 0.31529212
  0.28492421 0.25098356 0.21347016 0.17238398 0.12772503 0.07949327
  0.0276887 ]
 [0.0276887  0.07949327 0.12772503 0.17238398 0.21347016 0.25098356
  0.28492421 0.31529212 0.34208731 0.36530977 0.38495954 0.4010366
  0.41354098 0.42247267 0.42783169 0.42961803 0.42783169 0.42247267
  0.41354098 0.4010366  0.38495954 0.36530977 0.34208731 0.31529212
  0.28492421 0.25098356 0.21347016 0.17238398 0.12772503 0.07949327
  0.0276887 ]
 [0.0276887  0.07949327 0.12772503 0.17238398 0.21347016 0.25098356
  0.28492421 0.31529212 0.34208731 0.36530977 0.38495954 0.4010366
  0.41354098 0.42247267 0.42783169 0.42961803 0.42783169 0.42247267
  0.41354098 0.4010366  0.38495954 0.36530977 0.34208731 0.31529212
  0.28492421 0.25098356 0.21347016 0.17238398 0.12772503 0.07949327
  0.0276887 ]
 [0.0276887  0.07949327 0.12772503 0.17238398 0.21347016 0.25098356
  0.28492421 0.31529212 0.34208731 0.36530977 0.38495954 0.4010366
  0.41354098 0.42247267 0.42783169 0.42961803 0.42783169 0.42247267
  0.41354098 0.4010366  0.38495954 0.36530977 0.34208731 0.31529212
  0.28492421 0.25098356 0.21347016 0.17238398 0.12772503 0.07949327
  0.0276887 ]]
